function [result] = Non

    R = [1 -3 2 0 0 0 0; 0 1 -3 2 0 0 0; 0 0 1 -3 2 0 0];
    R1 = [1 0 -7 -6 0 0 0; 0 1 0 -7 -6 0 0];
    E = [9/4 67/12 7/2 -5/4 7/6];
    
    
    
    
end